[34.62365962 78.02469282],[0]
[30.28671077 43.89499752],[0]
[35.84740877 72.90219803],[0]
[60.18259939 86.3085521 ],[1]
[79.03273605 75.34437644],[1]
[45.08327748 56.31637178],[0]
[61.10666454 96.51142588],[1]
[75.02474557 46.55401354],[0]
[76.0987867  87.42056972],[1]
[84.43281996 43.53339331],[1]
[95.86155507 38.22527806],[1]
[75.01365839 30.60326323],[0]
[82.30705337 76.4819633 ],[1]
[69.36458876 97.71869196],[1]
[39.53833914 76.03681085],[0]
[53.97105215 89.20735014],[1]
[69.07014406 52.74046973],[0]
[67.94685548 46.67857411],[0]
[70.66150955 92.92713789],[1]
[76.97878373 47.57596365],[1]
[67.37202755 42.83843832],[0]
[89.67677575 65.79936593],[1]
[50.53478829 48.85581153],[0]
[34.21206098 44.2095286 ],[0]
